80001164024055618,合约绑定送路由,服务外呼
80001268960001342,宁波4升5加包,服务外呼
80001290291032968,杭州-星级-大升级外,服务外呼
80001290291060373,杭州-星级-大升级外,服务外呼
